spawns: 
  default: 
    world: Lobby-Auth
    x: 60.51293713903697
    y: 5.0
    z: -52.539456585975195
    yaw: 180.00055
    pitch: -0.15000488
