Spawn:
  X: 60.51293713903697
  Y: 5.0
  Z: -52.539456585975195
  World: Lobby-Auth
  Pitch: -0.15000488
  Yaw: 180.00055
