Spawn:
  X: -702.5
  Y: 31.0
  Z: 462.5
  World: Lobby-Sw
  Pitch: -8.040666E-6
  Yaw: 0.4495663
