timestamps:
  lastteleport: 1658791948805
  login: 1658791616354
  logout: 1658792006152
lastlocation:
  world: Lobby-Auth
  x: 58.30615192295749
  y: 5.0
  z: -75.73826867245609
  yaw: -304.50143
  pitch: 13.049954
lastAccountName: trakzz
ipAddress: 127.0.0.1
logoutlocation:
  world: Lobby-Sw
  x: -224.46925887843145
  y: 5.5
  z: 128.2695694459168
  yaw: -87.10171
  pitch: 22.800009
