lastAccountName: trakzz
timestamps:
  login: 1658794457688
  lastteleport: 1658794915147
  logout: 1658794978525
ipAddress: 127.0.0.1
lastlocation:
  world: Desert
  x: 46960.49696632958
  y: 31.89808165665307
  z: 27.79914522501652
  yaw: -19.950068
  pitch: 9.750138
logoutlocation:
  world: Lobby-Sw
  x: -701.2121463678972
  y: 28.0
  z: 485.7894831628586
  yaw: -285.15
  pitch: 7.0498734
