lastAccountName: joakoooe
timestamps:
  login: 1747201107957
  lastteleport: 1714775256012
  logout: 1747195806202
ipAddress: 127.205.147.108
lastlocation:
  world: Temple
  x: 989.0039400312929
  y: -6.514931815469888
  z: -29.215973875808878
  yaw: -211.80243
  pitch: 18.30022
logoutlocation:
  world: Lobby-Sw
  x: -694.9333587478905
  y: 29.0
  z: 473.19731721762724
  yaw: -47.250458
  pitch: 29.549963
