timestamps:
  lastteleport: 1747433709334
  login: 1747440736439
  logout: 1747442418109
lastlocation:
  world: Lobby-Auth
  x: 60.75037719095329
  y: 4.0
  z: -67.79463497360759
  yaw: -153.51782
  pitch: 8.355872
lastAccountName: joakoooe
ipAddress: 127.205.147.108
logoutlocation:
  world: test_schematic
  x: 135.2459356685356
  y: 96.87222077081131
  z: 350.2979796225774
  yaw: 11.09787
  pitch: 24.899927
