timestamps:
  lastteleport: 1747455325528
  login: 1747454888745
  logout: 1747442418109
lastlocation:
  world: Lobby-Auth
  x: 60.437131643862685
  y: 5.0
  z: -53.18307367588518
  yaw: 168.60071
  pitch: -9.000007
lastAccountName: joakoooe
ipAddress: 127.205.147.108
logoutlocation:
  world: test_schematic
  x: 135.2459356685356
  y: 96.87222077081131
  z: 350.2979796225774
  yaw: 11.09787
  pitch: 24.899927
