lastAccountName: joakoooe
timestamps:
  login: 1747104352865
  lastteleport: 1747104903252
  logout: 1747105281349
ipAddress: 127.205.147.108
lastlocation:
  world: Cajas
  x: 24.03776469554655
  y: 9.870444999407974
  z: 33.38739927234156
  yaw: -9.001991
  pitch: -10.500145
logoutlocation:
  world: Lobby-Sw
  x: -702.5
  y: 31.0
  z: 462.5
  yaw: 1.0495663
  pitch: -0.9
