timestamps:
  lastteleport: 1747416096962
  login: 1747415841149
  logout: 1747344200005
lastlocation:
  world: Lobby-Sw
  x: -690.7124227139666
  y: 28.0
  z: 487.37960845353746
  yaw: -27.449585
  pitch: 13.199955
lastAccountName: joakoooe
ipAddress: 127.205.147.108
logoutlocation:
  world: Lobby-Auth
  x: 59.96918504853828
  y: 4.0
  z: -56.670827140442555
  yaw: -188.58362
  pitch: 11.783469
