timestamps:
  lastteleport: 1747433709334
  login: 1747440736439
  logout: 1747416877629
lastlocation:
  world: Lobby-Auth
  x: 60.75037719095329
  y: 4.0
  z: -67.79463497360759
  yaw: -153.51782
  pitch: 8.355872
lastAccountName: joakoooe
ipAddress: 127.205.147.108
logoutlocation:
  world: Lobby-Sw
  x: -690.2990280187284
  y: 32.61652515657838
  z: 479.5479982226833
  yaw: 8.369446
  pitch: 24.792849
