timestamps:
  lastteleport: 1747416865130
  login: 1747415917343
  logout: 1747416875129
lastlocation:
  world: Lobby-1vs1
  x: 8.566823012268129
  y: 9.0
  z: -6.108320819807497
  yaw: -2.498811
  pitch: 17.959469
lastAccountName: test
ipAddress: 127.205.147.108
logoutlocation:
  world: Lobby-Sw
  x: -690.3112539494579
  y: 28.0
  z: 489.69999998807907
  yaw: -56.69987
  pitch: 27.299986
