timestamps:
  lastteleport: 1581970569388
  login: 1581970485650
  logout: 1581733719066
lastlocation:
  world: world
  x: 236.05396019031983
  y: 74.0
  z: 278.6520451067398
  yaw: -82.649994
  pitch: 17.399994
lastAccountName: test
ipAddress: 192.168.0.11
logoutlocation:
  world: Lobby-Sw
  x: -702.5
  y: 31.0
  z: 462.5
  yaw: 27.44957
  pitch: 13.499997
