timestamps:
  lastteleport: 1747416319154
  login: 1747415917343
  logout: 1747414255541
lastlocation:
  world: Lobby-Sw
  x: -690.7595390931102
  y: 29.0
  z: 490.69999998807907
  yaw: -14.999992
  pitch: 27.899982
lastAccountName: test
ipAddress: 127.205.147.108
logoutlocation:
  world: Lobby-Auth
  x: 56.44080145767871
  y: 4.0
  z: -74.19555052346112
  yaw: 31.350313
  pitch: 20.549976
