lastAccountName: Dantehl
timestamps:
  login: 1747454882180
  lastteleport: 1747454919385
ipAddress: 127.83.43.205
lastlocation:
  world: Lobby-Auth
  x: 60.79423756817055
  y: 4.0
  z: -62.89306269316713
  yaw: 252.03632
  pitch: 6.7423844
