lastAccountName: Dantehl
timestamps:
  login: 1747201117183
  lastteleport: 1747201629577
ipAddress: 127.83.43.205
lastlocation:
  world: Lobby-Sw
  x: -691.4277349697463
  y: 55.120215032877084
  z: 489.7156639669542
  yaw: -219.77551
  pitch: -4.4695644
