timestamps:
  lastteleport: 1677703022506
  login: 1677702760706
lastlocation:
  world: Lobby-1vs1
  x: 30.34749729093081
  y: 9.0
  z: 11.813298042520387
  yaw: 44.773907
  pitch: 26.50665
lastAccountName: zMatiiiz_
ipAddress: 127.0.0.1
