logoutlocation:
  world: Paris
  x: 18996.334471735714
  y: 53.13294984099859
  z: 7.125771580766806
  yaw: -358.05008
  pitch: 35.09999
lastAccountName: zTraksh
timestamps:
  login: 1582213707171
  lastteleport: 1582214504968
  logout: 1582214707050
ipAddress: 127.0.0.1
homes:
  home:
    world: world
    x: 3.455751939337122
    y: 67.16594708164966
    z: -295.79625570018953
    yaw: -209.24985
    pitch: 38.54993
lastlocation:
  world: world
  x: 224.0
  y: 70.0
  z: 256.0
  yaw: 0.0
  pitch: 0.0
afk: false
socialspy: false
nickname: zTraksh
