logoutlocation:
  world: Lobby-Auth
  x: 58.317276809909615
  y: 5.249187078744681
  z: -65.48923463800301
  yaw: 173.84985
  pitch: 21.150019
lastAccountName: zTraksh
timestamps:
  login: 1581797580147
  lastteleport: 1581797590929
  logout: 1581741048861
ipAddress: 192.168.0.11
homes:
  home:
    world: world
    x: 3.455751939337122
    y: 67.16594708164966
    z: -295.79625570018953
    yaw: -209.24985
    pitch: 38.54993
lastlocation:
  world: Lobby-Auth
  x: 59.99658438862529
  y: 4.0
  z: -56.502057921915465
  yaw: 9.149967
  pitch: 10.200002
afk: false
socialspy: false
nickname: zTraksh
