lastAccountName: joakoooe
timestamps:
  login: 1747201810499
  lastteleport: 1747201925316
  logout: 1747201953793
ipAddress: 127.0.0.1
lastlocation:
  world: Lobby-1vs1
  x: -7.992803068566096
  y: 12.0
  z: 39.33487011847159
  yaw: 157.84302
  pitch: 32.809452
logoutlocation:
  world: world
  x: 411.6325377752157
  y: 61.45001963166794
  z: 545.7687224568408
  yaw: -117.10696
  pitch: 6.380985
