lastAccountName: iTzAkkus
timestamps:
  login: 1747454971087
  lastteleport: 1747454993937
ipAddress: 127.77.42.105
lastlocation:
  world: Lobby-Auth
  x: 65.13093207099071
  y: 4.0
  z: -63.70713283365295
  yaw: 218.13348
  pitch: 6.446754
