world: Lobby-1vs1
x: 8.48681369760375
y: 9.0
z: -17.593499248956075
yaw: 0.051188827
pitch: 1.0094757
name: 1vs1
