world: Lobby-Auth
x: 60.5
y: 5.0
z: -52.5
yaw: -180.18394
pitch: -0.3665244
name: Lobby
